15.5055719 Training_Time (s)
0.5468956999999985 Test_time (s)
98.42971029010984 Kappa accuracy (%)
98.62330623306234 Overall accuracy (%)
97.93765775203353 Average accuracy (%)
[100.          96.10894942  98.25970549 100.         100.
  99.39117199 100.         100.          83.33333333  98.74285714
  99.14027149  97.75280899 100.          99.82440737  96.82997118
  97.61904762] Each accuracy (%)
                              precision    recall  f1-score   support

                     Alfalfa     0.9762    1.0000    0.9880        41
                 Corn-notill     0.9856    0.9611    0.9732      1285
                Corn-mintill     0.9932    0.9826    0.9879       747
                        Corn     0.9953    1.0000    0.9977       213
               Grass-pasture     0.9932    1.0000    0.9966       435
                 Grass-trees     0.9939    0.9939    0.9939       657
         Grass-pasture-mowed     1.0000    1.0000    1.0000        25
               Hay-windrowed     1.0000    1.0000    1.0000       430
                        Oats     1.0000    0.8333    0.9091        18
              Soybean-notill     0.9796    0.9874    0.9835       875
             Soybean-mintill     0.9764    0.9914    0.9838      2210
               Soybean-clean     0.9962    0.9775    0.9868       534
                       Wheat     1.0000    1.0000    1.0000       185
                       Woods     0.9939    0.9982    0.9961      1139
Buildings-Grass-Trees-Drives     0.9825    0.9683    0.9753       347
          Stone-Steel-Towers     0.9011    0.9762    0.9371        84

                    accuracy                         0.9862      9225
                   macro avg     0.9854    0.9794    0.9818      9225
                weighted avg     0.9863    0.9862    0.9862      9225

[[  41    0    0    0    0    0    0    0    0    0    0    0    0    0
     0    0]
 [   1 1235    0    0    2    0    0    0    0    1   46    0    0    0
     0    0]
 [   0    3  734    0    1    0    0    0    0    5    0    0    0    0
     4    0]
 [   0    0    0  213    0    0    0    0    0    0    0    0    0    0
     0    0]
 [   0    0    0    0  435    0    0    0    0    0    0    0    0    0
     0    0]
 [   0    0    0    0    0  653    0    0    0    0    0    0    0    2
     2    0]
 [   0    0    0    0    0    0   25    0    0    0    0    0    0    0
     0    0]
 [   0    0    0    0    0    0    0  430    0    0    0    0    0    0
     0    0]
 [   0    0    3    0    0    0    0    0   15    0    0    0    0    0
     0    0]
 [   0    9    0    0    0    0    0    0    0  864    0    0    0    2
     0    0]
 [   0    0    0    0    0    4    0    0    0   12 2191    0    0    3
     0    0]
 [   0    0    2    1    0    0    0    0    0    0    0  522    0    0
     0    9]
 [   0    0    0    0    0    0    0    0    0    0    0    0  185    0
     0    0]
 [   0    2    0    0    0    0    0    0    0    0    0    0    0 1137
     0    0]
 [   0    4    0    0    0    0    0    0    0    0    7    0    0    0
   336    0]
 [   0    0    0    0    0    0    0    0    0    0    0    2    0    0
     0   82]]